================================================================================
				ROC CURVE DATA
================================================================================


FPR: [0.         0.         0.         0.         0.         0.
 0.         0.         0.         0.         0.         0.
 0.         0.         0.04761905 0.04761905 0.07142857 0.07142857
 0.0952381  0.0952381  0.23809524 0.28571429 0.4047619  0.45238095
 0.54761905 0.5952381  0.61904762 0.69047619 1.        ]

TPR: [0.         0.06944444 0.11111111 0.18055556 0.20833333 0.29166667
 0.31944444 0.33333333 0.38888889 0.54166667 0.56944444 0.63888889
 0.66666667 0.90277778 0.90277778 0.94444444 0.94444444 0.98611111
 0.98611111 1.         1.         1.         1.         1.
 1.         1.         1.         1.         1.        ]

Thresholds: [           inf 1.00000000e+00 9.99333333e-01 9.98666667e-01
 9.96666667e-01 9.96000000e-01 9.95333333e-01 9.94666667e-01
 9.93333333e-01 9.78000000e-01 9.76666667e-01 9.62666667e-01
 9.58666667e-01 7.70666667e-01 7.06000000e-01 6.40666667e-01
 6.02666667e-01 4.74666667e-01 3.91333333e-01 3.18666667e-01
 4.40000000e-02 3.93333333e-02 1.46666667e-02 1.13333333e-02
 3.33333333e-03 2.66666667e-03 1.33333333e-03 6.66666667e-04
 0.00000000e+00]
================================================================================
